a   : 
[[27, 2271], [20, 1437], [14, 705], [12, 679], [4, 640], [3, 613], [23, 500], [11, 485], [19, 458], [9, 363], [5, 235], [13, 227], [8, 219], [18, 213], [25, 127], [22, 84], [7, 46], [2, 29], [16, 29], [6, 9], [1, 8], [24, 6], [10, 5], [21, 4], [15, 0], [17, 0], [26, 0], [28, 0]]

b   : 
[[27, 90], [5, 40], [1, 29], [15, 28], [9, 24], [12, 15], [25, 10], [21, 3], [13, 2], [18, 2], [4, 1], [8, 1], [14, 1], [2, 0], [3, 0], [6, 0], [7, 0], [10, 0], [11, 0], [16, 0], [17, 0], [19, 0], [20, 0], [22, 0], [23, 0], [24, 0], [26, 0], [28, 0]]

c   : 
[[27, 665], [1, 613], [9, 125], [15, 76], [14, 61], [5, 54], [25, 43], [8, 33], [12, 30], [19, 18], [11, 13], [20, 13], [21, 9], [3, 6], [18, 1], [2, 0], [4, 0], [6, 0], [7, 0], [10, 0], [13, 0], [16, 0], [17, 0], [22, 0], [23, 0], [24, 0], [26, 0], [28, 0]]

d   : 
[[27, 2268], [5, 1242], [14, 804], [1, 640], [15, 357], [9, 159], [4, 120], [12, 119], [18, 81], [21, 37], [25, 22], [8, 18], [13, 7], [7, 6], [19, 2], [2, 1], [16, 1], [3, 0], [6, 0], [10, 0], [11, 0], [17, 0], [20, 0], [22, 0], [23, 0], [24, 0], [26, 0], [28, 0]]

e   : 
[[27, 3578], [18, 2048], [13, 1884], [20, 1631], [4, 1242], [14, 1046], [5, 990], [19, 794], [8, 529], [11, 512], [23, 462], [6, 397], [12, 373], [25, 251], [1, 235], [7, 188], [22, 185], [16, 169], [21, 139], [17, 96], [15, 91], [3, 54], [2, 40], [9, 25], [24, 13], [28, 8], [10, 0], [26, 0]]

f   : 
[[27, 1111], [15, 581], [5, 397], [18, 129], [9, 101], [21, 13], [1, 9], [6, 8], [12, 2], [14, 1], [2, 0], [3, 0], [4, 0], [7, 0], [8, 0], [10, 0], [11, 0], [13, 0], [16, 0], [17, 0], [19, 0], [20, 0], [22, 0], [23, 0], [24, 0], [25, 0], [26, 0], [28, 0]]

g   :
[[27, 576], [14, 285], [5, 188], [15, 79], [18, 61], [9, 51], [1, 46], [8, 30], [21, 21], [4, 6], [12, 6], [20, 3], [2, 0], [3, 0], [6, 0], [7, 0], [10, 0], [11, 0], [13, 0], [16, 0], [17, 0], [19, 0], [22, 0], [23, 0], [24, 0], [25, 0], [26, 0], [28, 0]]

h   :
[[27, 662], [20, 566], [5, 529], [9, 325], [15, 243], [1, 219], [19, 208], [23, 42], [3, 33], [7, 30], [4, 18], [13, 4], [21, 4], [22, 2], [2, 1], [14, 1], [18, 1], [6, 0], [8, 0], [10, 0], [11, 0], [12, 0], [16, 0], [17, 0], [24, 0], [25, 0], [26, 0], [28, 0]]   

i   :
[[27, 1939], [14, 1115], [13, 1085], [12, 822], [20, 769], [19, 433], [1, 363], [8, 325], [23, 285], [4, 159], [18, 143], [3, 125], [6, 101], [7, 51], [11, 48], [22, 30], [5, 25], [2, 24], [15, 11], [10, 3], [25, 2], [9, 0], [16, 0], [17, 0], [21, 0], [24, 0], [26, 0], [28, 0]]

j   : 
[[27, 413], [21, 410], [1, 5], [9, 3], [23, 1], [2, 0], [3, 0], [4, 0], [5, 0], [6, 0], [7, 0], [8, 0], [10, 0], [11, 0], [12, 0], [13, 0], [14, 0], [15, 0], [16, 0], [17, 0], [18, 0], [19, 0], [20, 0], [22, 0], [24, 0], [25, 0], [26, 0], [28, 0]]

k   :
[[5, 512], [1, 485], [27, 343], [19, 337], [14, 176], [9, 48], [15, 40], [3, 13], [18, 8], [16, 5], [12, 2], [25, 2], [20, 1], [2, 0], [4, 0], [6, 0], [7, 0], [8, 0], [10, 0], [11, 0], [13, 0], [17, 0], [21, 0], [22, 0], [23, 0], [24, 0], [26, 0], [28, 0]]        

l   :
[[12, 1328], [27, 865], [9, 822], [1, 679], [19, 381], [5, 373], [16, 208], [21, 169], [4, 119], [25, 95], [20, 55], [15, 31], [3, 30], [18, 26], [2, 15], [23, 8], [7, 6], [6, 2], [11, 2], [13, 2], [8, 0], [10, 0], [14, 0], [17, 0], [22, 0], [24, 0], [26, 0], [28, 0]]

m   : 
[[5, 1884], [27, 1123], [9, 1085], [15, 342], [1, 227], [18, 133], [25, 128], [13, 8], [4, 7], [16, 5], [8, 4], [21, 4], [2, 2], [12, 2], [14, 2], [19, 1], [20, 1], [3, 0], [6, 0], [7, 0], [10, 0], [11, 0], [17, 0], [22, 0], [23, 0], [24, 0], [26, 0], [28, 0]]    

n   :
[[27, 1363], [9, 1115], [5, 1046], [4, 804], [1, 705], [15, 691], [7, 285], [11, 176], [20, 133], [3, 61], [25, 57], [21, 48], [18, 9], [19, 6], [13, 2], [14, 2], [22, 2], [2, 1], [6, 1], [8, 1], [10, 0], [12, 0], [16, 0], [17, 0], [23, 0], [24, 0], [26, 0], [28, 0]]

o   :
[[27, 1389], [21, 1167], [25, 1013], [20, 828], [14, 691], [6, 581], [18, 467], [4, 357], [13, 342], [23, 288], [8, 243], [19, 195], [15, 114], [5, 91], [7, 79], [3, 76], [11, 40], [12, 31], [2, 28], [16, 18], [9, 11], [22, 11], [1, 0], [10, 0], [17, 0], [24, 0], [26, 0], [28, 0]]

p   :
[[27, 859], [21, 483], [12, 208], [5, 169], [1, 29], [15, 18], [18, 17], [16, 14], [19, 7], [25, 7], [11, 5], [13, 5], [20, 5], [4, 1], [24, 1], [2, 0], [3, 0], [6, 0], [7, 0], [8, 0], [9, 0], [10, 0], [14, 0], [17, 0], [22, 0], [23, 0], [26, 0], [28, 0]]

q   :
[[21, 97], [5, 96], [27, 1], [1, 0], [2, 0], [3, 0], [4, 0], [6, 0], [7, 0], [8, 0], [9, 0], [10, 0], [11, 0], [12, 0], [13, 0], [14, 0], [15, 0], [16, 0], [17, 0], [18, 0], [19, 0], [20, 0], [22, 0], [23, 0], [24, 0], [25, 0], [26, 0], [28, 0]]

r   :
[[5, 2048], [27, 1552], [21, 687], [15, 467], [1, 213], [9, 143], [13, 133], [6, 129], [19, 118], [4, 81], [7, 61], [20, 49], [25, 27], [12, 26], [16, 17], [22, 10], [14, 9], [11, 8], [18, 6], [23, 6], [2, 2], [3, 1], [8, 1], [10, 0], [17, 0], [24, 0], [26, 0], [28, 0]]

s   :
[[27, 2198], [21, 893], [5, 794], [20, 591], [1, 458], [9, 433], [12, 381], [11, 337], [8, 208], [15, 195], [19, 152], [18, 118], [25, 27], [3, 18], [16, 7], [14, 6], [4, 2], [13, 1], [23, 1], [2, 0], [6, 0], [7, 0], [10, 0], [17, 0], [22, 0], [24, 0], [26, 0], [28, 0]]

t   :
[[27, 3480], [5, 1631], [1, 1437], [15, 828], [9, 769], [19, 591], [8, 566], [14, 133], [21, 56], [12, 55], [18, 49], [25, 35], [20, 22], [3, 13], [16, 5], [24, 5], [7, 3], [23, 2], [11, 1], [13, 1], [2, 0], [4, 0], [6, 0], [10, 0], [17, 0], [22, 0], [26, 0], [28, 0]]

u   :
[[27, 1323], [15, 1167], [19, 893], [18, 687], [16, 483], [10, 410], [12, 169], [5, 139], [17, 97], [20, 56], [14, 48], [4, 37], [7, 21], [6, 13], [3, 9], [1, 4], [8, 4], [13, 4], [2, 3], [25, 1], [9, 0], [11, 0], [21, 0], [22, 0], [23, 0], [24, 0], [26, 0], [28, 0]]

v   :
[[5, 185], [1, 84], [27, 40], [9, 30], [15, 11], [18, 10], [8, 2], [14, 2], [2, 0], [3, 0], [4, 0], [6, 0], [7, 0], [10, 0], [11, 0], [12, 0], [13, 0], [16, 0], [17, 0], [19, 0], [20, 0], [21, 0], [22, 0], [23, 0], [24, 0], [25, 0], [26, 0], [28, 0]]

w   :
[[27, 1541], [1, 500], [5, 462], [15, 288], [9, 285], [8, 42], [12, 8], [18, 6], [20, 2], [10, 1], [19, 1], [2, 0], [3, 0], [4, 0], [6, 0], [7, 0], [11, 0], [13, 0], [14, 0], [16, 0], [17, 0], [21, 0], [22, 0], [23, 0], [24, 0], [25, 0], [26, 0], [28, 0]]

x   :
[[5, 13], [1, 6], [20, 5], [16, 1], [27, 1], [2, 0], [3, 0], [4, 0], [6, 0], [7, 0], [8, 0], [9, 0], [10, 0], [11, 0], [12, 0], [13, 0], [14, 0], [15, 0], [17, 0], [18, 0], [19, 0], [21, 0], [22, 0], [23, 0], [24, 0], [25, 0], [26, 0], [28, 0]]

y   :
[[27, 1689], [15, 1013], [5, 251], [13, 128], [1, 127], [12, 95], [14, 57], [3, 43], [20, 35], [18, 27], [19, 27], [4, 22], [2, 10], [16, 7], [9, 2], [11, 2], [21, 1], [6, 0], [7, 0], [8, 0], [10, 0], [17, 0], [22, 0], [23, 0], [24, 0], [25, 0], [26, 0], [28, 0]] 

z   : 
[[1, 0], [2, 0], [3, 0], [4, 0], [5, 0], [6, 0], [7, 0], [8, 0], [9, 0], [10, 0], [11, 0], [12, 0], [13, 0], [14, 0], [15, 0], [16, 0], [17, 0], [18, 0], [19, 0], [20, 0], [21, 0], [22, 0], [23, 0], [24, 0], [25, 0], [26, 0], [27, 0], [28, 0]]

*space*   :
[[5, 3578], [20, 3480], [1, 2271], [4, 2268], [19, 2198], [9, 1939], [25, 1689], [18, 1552], [23, 1541], [15, 1389], [14, 1363], [21, 1323], [13, 1123], [6, 1111], [12, 865], [16, 859], [3, 665], [8, 662], [7, 576], [10, 413], [11, 343], [2, 90], [22, 40], [28, 12], [27, 6], [17, 1], [24, 1], [26, 0]]

*misc*   :
[[27, 12], [5, 8], [1, 0], [2, 0], [3, 0], [4, 0], [6, 0], [7, 0], [8, 0], [9, 0], [10, 0], [11, 0], [12, 0], [13, 0], [14, 0], [15, 0], [16, 0], [17, 0], [18, 0], [19, 0], [20, 0], [21, 0], [22, 0], [23, 0], [24, 0], [25, 0], [26, 0], [28, 0]]